# m/s
1434.07
1434.07
1434.07
1434.07
1434.04
1434.04
1434.04
1434.04
1434.04
1435.1
1435.1
1435.1
1435.1
1434.14
1434.14
1434.14
1434.14
1434.14
1434.14
1434.14
1434.14
1434.14
1434.14
1434.14
1434.14
1434.14
1434.14
1434.15
1434.15
1434.15
1434.15
1434.15
1434.15
1434.15
1434.15
1434.23
1434.23
1434.23
1434.23
1434.23
1434.23
1434.23
1434.23
1434.23
1434.23
1434.23
1434.23
1434.23
1434.23
1434.23
1434.23
1434.23
1434.23
1434.23
1434.23
1434.23
1434.23
1434.23
1434.23
1434.23
1434.23
1434.23
1434.23
1434.23
1434.23
1434.23
1434.23
1434.23
1434.23
1434.23
1434.23
1434.23
1434.23
1434.23
1434.23
1434.23
1434.23
1434.23
1434.23
1434.23
1434.18
1434.18
1434.18
1434.18
1434.18
1434.18
1434.18
1434.18
1435.16
1435.16
1435.16
1435.16
1435.16
1435.16
1435.16
1435.16
1435.16
1435.16
1435.16
1435.16
1435.24
1435.24
1435.24
1435.24
1435.24
1435.37
1435.37
1435.37
1435.37
1435.37
1435.39
1435.39
1435.39
1435.39
1435.39
1435.39
1435.39
1435.39
1435.39
1435.39
1435.31
1435.31
1435.31
1435.31
1435.31
1435.31
1435.31
1435.31
1435.31
1435.25
1435.25
1435.25
1435.25
1435.25
1435.25
1435.25
1435.25
1435.25
1435.25
1435.25
1435.25
1435.25
1435.27
1435.27
1435.27
1435.27
1435.27
1435.27
1435.27
1435.27
1435.27
1435.27
1435.27
1435.27
1435.27
1435.27
1435.27
1435.27
1435.27
1435.27